1 10
1 7
1 8
1 1
1 6
1 15
1 13
1 16
1 20
1 22
1 22
1 17
1 22
1 2
1 3
1 9
1 11
1 23
2 10
2 7
2 8
2 20
2 1
2 6
2 15
2 13
2 16
2 20
2 22
2 12
2 15
2 13
2 16
2 22
2 22
2 17
2 22
2 23
2 23
2 11
2 2
2 3
2 9
2 23
3 10
3 7
3 8
3 20
3 20
3 20
3 1
3 6
3 15
3 13
3 16
3 20
3 12
3 15
3 13
3 16
3 22
3 22
3 22
3 22
3 12
3 15
3 13
3 16
3 22
3 22
3 22
3 22
3 22
3 22
3 17
3 22
3 11
3 2
3 3
3 9
3 23
4 10
4 7
4 5
5 10
5 7
5 5
6 10
6 7
6 8
6 20
6 4
6 20
7 10
7 7
7 8
7 18
7 20
7 20
7 5
7 20
8 10
8 7
8 8
8 20
8 20
8 20
8 20
8 4
9 10
9 7
9 8
9 18
9 20
9 20
9 4
9 20
10 10
10 7
10 8
10 20
10 1
10 6
10 15
10 13
10 16
10 20
10 22
10 17
10 22
10 5
10 14
10 23
11 10
11 7
11 8
11 1
11 6
11 15
11 13
11 16
11 20
11 22
11 12
11 15
11 13
11 16
11 22
11 22
11 22
11 22
11 17
11 22
11 23
11 21
11 21
11 21
11 21
11 21
11 21
11 21
11 21
11 21
11 21
11 21
11 23
11 21
11 21
11 21
11 21
11 21
11 3
11 11
11 2
11 9
11 23
12 10
12 7
12 8
12 1
12 6
12 15
12 13
12 16
12 20
12 22
12 22
12 22
12 17
12 22
12 23
12 21
12 21
12 21
12 5
12 14
12 21
13 10
13 7
13 18
13 8
13 18
13 20
13 20
13 20
13 20
13 5
13 20
14 10
14 7
14 5
15 10
15 7
15 8
15 20
15 20
15 20
15 1
15 15
15 6
15 13
15 16
15 20
15 22
15 22
15 22
15 22
15 22
15 22
15 22
15 17
15 22
15 23
15 21
15 21
15 21
15 21
15 23
15 21
15 21
15 23
15 21
15 21
15 21
15 23
15 23
15 11
15 2
15 3
15 9
15 23
16 10
16 7
16 5
16 18
17 10
17 7
17 8
17 20
17 20
17 1
17 6
17 15
17 13
17 16
17 20
17 12
17 15
17 13
17 16
17 22
17 17
17 22
17 23
17 21
17 21
17 21
17 12
17 15
17 13
17 16
17 21
17 21
17 17
17 21
17 3
17 11
17 2
17 9
17 23
18 10
18 7
18 8
18 20
18 20
18 1
18 6
18 15
18 13
18 16
18 20
18 22
18 22
18 17
18 22
18 23
18 23
18 21
18 21
18 21
18 21
18 21
18 21
18 2
18 3
18 9
18 11
18 23
19 10
19 7
19 8
19 18
19 20
19 20
19 20
19 20
19 20
19 20
19 20
19 20
19 20
19 20
19 20
19 20
19 20
19 20
19 20
19 5
19 20
20 10
20 7
20 8
20 18
20 1
20 15
20 6
20 13
20 16
20 20
20 4
20 12
20 22
21 10
21 7
21 8
21 18
21 20
21 20
21 20
21 20
21 1
21 6
21 15
21 13
21 16
21 20
21 22
21 12
21 15
21 13
21 16
21 22
21 22
21 5
21 14
21 22
22 10
22 7
22 8
22 20
22 1
22 6
22 15
22 13
22 16
22 20
22 17
22 22
22 11
22 2
22 3
22 9
22 23
23 10
23 7
23 8
23 20
23 20
23 20
23 20
23 20
23 20
23 20
23 20
23 20
23 20
23 20
23 20
23 20
23 20
23 20
23 20
23 19
23 5
23 19
24 10
24 7
24 5
25 10
25 7
25 8
25 1
25 6
25 15
25 13
25 16
25 20
25 22
25 22
25 17
25 22
25 2
25 3
25 9
25 11
25 23
26 10
26 7
26 5
26 18
27 10
27 7
27 8
27 20
27 20
27 20
27 20
27 20
27 20
27 20
27 20
27 20
27 20
27 20
27 4
27 20
28 10
28 7
28 5
29 10
29 7
29 5
30 10
30 7
30 8
30 20
30 5
30 20
31 10
31 7
31 5
31 18
32 10
32 7
32 8
32 5
32 20
33 10
33 7
33 8
33 20
33 20
33 20
33 20
33 20
33 20
33 20
33 1
33 6
33 15
33 13
33 16
33 20
33 22
33 22
33 22
33 17
33 22
33 23
33 21
33 21
33 21
33 21
33 21
33 21
33 21
33 23
33 21
33 21
33 23
33 23
33 21
33 21
33 21
33 21
33 21
33 21
33 21
33 21
33 21
33 21
33 21
33 21
33 21
33 21
33 21
33 23
33 23
33 2
33 3
33 9
33 11
33 23
34 10
34 7
34 8
34 1
34 6
34 15
34 13
34 16
34 20
34 12
34 15
34 13
34 16
34 22
34 22
34 22
34 22
34 22
34 22
34 22
34 4
34 12
34 22
35 10
35 7
35 8
35 1
35 15
35 6
35 13
35 16
35 20
35 22
35 22
35 17
35 22
35 23
35 3
35 11
35 2
35 9
35 23
36 10
36 7
36 8
36 20
36 1
36 6
36 15
36 13
36 16
36 20
36 22
36 22
36 17
36 22
36 23
36 21
36 23
36 2
36 3
36 9
36 11
36 23
37 10
37 7
37 8
37 20
37 1
37 6
37 15
37 13
37 16
37 20
37 22
37 4
37 12
37 22
38 10
38 7
38 8
38 20
38 20
38 20
38 5
38 20
39 10
39 7
39 5
39 18
40 10
40 7
40 8
40 20
40 1
40 15
40 6
40 13
40 16
40 20
40 22
40 22
40 22
40 22
40 22
40 22
40 22
40 22
40 22
40 22
40 22
40 22
40 22
40 4
40 12
41 10
41 7
41 5
42 10
42 7
42 8
42 18
42 20
42 1
42 6
42 15
42 13
42 16
42 20
42 22
42 22
42 22
42 22
42 22
42 22
42 22
42 22
42 22
42 22
42 22
42 22
42 22
42 22
42 22
42 4
42 12
43 10
43 7
43 8
43 18
43 5
43 20
44 10
44 7
44 8
44 1
44 15
44 6
44 13
44 16
44 20
44 12
44 15
44 13
44 16
44 22
44 22
44 17
44 22
44 5
44 14
44 23
45 10
45 7
45 5
46 10
46 7
46 8
46 1
46 15
46 6
46 13
46 16
46 20
46 22
46 17
46 22
46 23
46 5
46 14
46 23
47 10
47 7
47 18
47 18
47 8
47 18
47 20
47 20
47 20
47 5
47 20
48 10
48 7
48 18
48 8
48 18
48 5
48 20
49 10
49 7
49 5
50 10
50 7
50 8
50 20
50 20
50 1
50 6
50 15
50 13
50 16
50 20
50 22
50 22
50 22
50 22
50 22
50 4
50 12
50 22
51 10
51 7
51 5
52 10
52 7
52 8
52 20
52 20
52 4
52 20
53 10
53 7
53 8
53 20
53 20
53 1
53 6
53 15
53 13
53 16
53 20
53 17
53 22
53 3
53 11
53 2
53 9
53 23
54 10
54 7
54 8
54 1
54 6
54 15
54 13
54 16
54 20
54 17
54 22
54 5
54 14
54 23
55 10
55 7
55 5
56 10
56 7
56 5
57 10
57 7
57 18
57 5
57 18
58 10
58 7
58 8
58 18
58 1
58 6
58 15
58 13
58 16
58 20
58 22
58 4
58 12
58 22
59 10
59 7
59 5
59 18
60 10
60 7
60 5
61 10
61 7
61 8
61 20
61 1
61 6
61 15
61 13
61 16
61 20
61 22
61 22
61 22
61 17
61 22
61 5
61 14
61 23
62 10
62 7
62 8
62 20
62 20
62 20
62 20
62 20
62 1
62 6
62 15
62 13
62 16
62 20
62 22
62 22
62 17
62 22
62 23
62 5
62 14
62 23
63 10
63 7
63 5
64 10
64 7
64 5
65 10
65 7
65 8
65 18
65 20
65 1
65 6
65 15
65 13
65 16
65 20
65 22
65 22
65 22
65 22
65 22
65 17
65 22
65 23
65 23
65 21
65 12
65 15
65 13
65 16
65 21
65 21
65 21
65 21
65 17
65 21
65 3
65 9
65 11
65 2
65 23
66 10
66 7
66 5
67 10
67 7
67 5
68 10
68 7
68 5
68 18
69 10
69 7
69 5
70 10
70 7
70 5
71 10
71 7
71 8
71 18
71 20
71 20
71 1
71 6
71 15
71 13
71 16
71 20
71 22
71 22
71 4
71 12
71 22
72 10
72 7
72 5
72 18
73 10
73 7
73 5
73 18
74 10
74 7
74 5
75 10
75 7
75 5
76 10
76 7
76 8
76 1
76 6
76 15
76 13
76 16
76 20
76 22
76 22
76 17
76 22
76 23
76 11
76 2
76 3
76 9
76 23
77 10
77 7
77 19
77 19
77 5
77 19
78 10
78 7
78 8
78 18
78 20
78 20
78 20
78 20
78 4
78 20
79 10
79 7
79 5
80 10
80 7
80 8
80 18
80 20
80 5
80 20
81 10
81 7
81 8
81 20
81 20
81 1
81 6
81 15
81 13
81 16
81 20
81 12
81 15
81 13
81 16
81 22
81 22
81 22
81 22
81 22
81 22
81 22
81 17
81 22
81 23
81 21
81 21
81 21
81 21
81 21
81 21
81 21
81 23
81 21
81 21
81 21
81 21
81 21
81 21
81 21
81 21
81 21
81 21
81 21
81 21
81 21
81 21
81 21
81 21
81 21
81 21
81 21
81 21
81 21
81 21
81 21
81 21
81 2
81 3
81 9
81 11
81 23
82 10
82 7
82 5
83 10
83 7
83 5
83 18
84 10
84 7
84 8
84 20
84 20
84 20
84 20
84 20
84 20
84 20
84 20
84 20
84 20
84 20
84 20
84 20
84 20
84 4
85 10
85 7
85 8
85 20
85 20
85 1
85 6
85 15
85 13
85 16
85 20
85 17
85 22
85 23
85 21
85 21
85 21
85 21
85 23
85 21
85 21
85 21
85 3
85 11
85 2
85 9
85 23
86 10
86 7
86 8
86 18
86 20
86 20
86 20
86 20
86 20
86 20
86 1
86 6
86 15
86 13
86 16
86 20
86 22
86 22
86 22
86 22
86 22
86 22
86 22
86 22
86 22
86 4
86 12
87 10
87 7
87 8
87 1
87 6
87 15
87 13
87 16
87 20
87 22
87 22
87 22
87 22
87 4
87 12
88 10
88 7
88 8
88 18
88 20
88 20
88 1
88 6
88 15
88 13
88 16
88 20
88 22
88 22
88 22
88 12
88 15
88 13
88 16
88 22
88 22
88 22
88 22
88 22
88 17
88 22
88 5
88 14
88 23
89 10
89 7
89 5
90 10
90 7
90 8
90 20
90 20
90 1
90 6
90 15
90 13
90 16
90 20
90 22
90 22
90 17
90 22
90 23
90 23
90 21
90 21
90 21
90 21
90 21
90 21
90 21
90 21
90 21
90 21
90 21
90 21
90 21
90 21
90 21
90 21
90 21
90 21
90 21
90 21
90 21
90 21
90 21
90 21
90 21
90 21
90 21
90 3
90 9
90 11
90 2
90 21
91 10
91 7
91 8
91 20
91 20
91 20
91 20
91 20
91 20
91 20
91 20
91 20
91 4
92 10
92 7
92 5
92 18
93 10
93 7
93 8
93 18
93 4
93 20
94 10
94 7
94 8
94 20
94 1
94 6
94 15
94 13
94 16
94 20
94 17
94 22
94 3
94 11
94 2
94 9
94 23
95 10
95 7
95 8
95 20
95 1
95 6
95 15
95 13
95 16
95 20
95 4
95 12
95 22
96 10
96 7
96 8
96 18
96 1
96 6
96 15
96 13
96 16
96 20
96 17
96 22
96 23
96 5
96 14
96 23
97 10
97 7
97 8
97 18
97 20
97 1
97 6
97 15
97 13
97 16
97 20
97 4
97 12
97 22
98 10
98 7
98 5
99 10
99 7
99 5
100 10
100 7
100 8
100 20
100 20
100 20
100 1
100 15
100 6
100 13
100 16
100 20
100 22
100 22
100 4
100 12
100 22
101 10
101 7
101 8
101 18
101 1
101 6
101 15
101 13
101 16
101 20
101 22
101 22
101 22
101 22
101 22
101 22
101 22
101 22
101 22
101 22
101 22
101 22
101 4
101 12
102 10
102 7
102 5
103 10
103 7
103 5
103 18
104 10
104 7
104 8
104 20
104 20
104 20
104 20
104 1
104 6
104 15
104 13
104 16
104 20
104 22
104 22
104 17
104 22
104 5
104 14
104 23
105 10
105 7
105 8
105 20
105 1
105 6
105 15
105 13
105 16
105 20
105 12
105 15
105 13
105 16
105 22
105 22
105 22
105 22
105 22
105 22
105 22
105 22
105 22
105 4
105 12
105 22
106 10
106 7
106 5
106 18
107 10
107 7
107 8
107 1
107 6
107 15
107 13
107 16
107 20
107 22
107 22
107 22
107 4
107 12
107 22
108 10
108 7
108 5
108 18
109 10
109 7
109 8
109 18
109 20
109 20
109 5
109 20
110 10
110 7
110 5
110 18
111 10
111 7
111 8
111 20
111 20
111 20
111 20
111 20
111 20
111 20
111 20
111 20
111 20
111 20
111 20
111 20
111 20
111 20
111 20
111 20
111 1
111 6
111 15
111 13
111 16
111 20
111 22
111 22
111 22
111 22
111 22
111 22
111 22
111 4
111 12
111 22
112 10
112 7
112 5
113 10
113 7
113 8
113 20
113 20
113 20
113 1
113 6
113 15
113 13
113 16
113 20
113 22
113 17
113 22
113 23
113 23
113 12
113 15
113 13
113 16
113 21
113 21
113 21
113 21
113 21
113 21
113 21
113 21
113 21
113 21
113 2
113 3
113 9
113 11
113 21
114 10
114 7
114 8
114 20
114 20
114 20
114 20
114 20
114 20
114 20
114 20
114 20
114 20
114 20
114 20
114 1
114 15
114 6
114 13
114 16
114 20
114 22
114 22
114 17
114 22
114 2
114 3
114 9
114 11
114 23
115 10
115 7
115 8
115 1
115 6
115 15
115 13
115 16
115 20
115 22
115 22
115 17
115 22
115 23
115 21
115 21
115 23
115 23
115 23
115 23
115 2
115 3
115 9
115 11
115 23
116 10
116 7
116 8
116 1
116 6
116 15
116 13
116 16
116 20
116 17
116 22
116 23
116 23
116 21
116 21
116 21
116 21
116 21
116 21
116 21
116 21
116 21
116 21
116 21
116 2
116 3
116 9
116 11
116 23
117 10
117 7
117 8
117 5
117 20
118 10
118 7
118 18
118 5
118 18
119 10
119 7
119 5
120 10
120 7
120 5
121 10
121 7
121 8
121 1
121 15
121 6
121 13
121 16
121 20
121 22
121 12
121 15
121 13
121 16
121 22
121 12
121 15
121 13
121 16
121 22
121 22
121 22
121 22
121 22
121 22
121 22
121 12
121 15
121 13
121 16
121 22
121 12
121 15
121 13
121 16
121 22
121 22
121 22
121 22
121 22
121 22
121 22
121 22
121 22
121 22
121 22
121 12
121 15
121 13
121 16
121 22
121 22
121 22
121 17
121 22
121 23
121 23
121 23
121 23
121 21
121 21
121 21
121 23
121 23
121 23
121 23
121 23
121 23
121 23
121 23
121 2
121 3
121 9
121 11
121 23
122 10
122 7
122 5
123 10
123 7
123 5
124 10
124 7
124 8
124 18
124 20
124 1
124 6
124 15
124 13
124 16
124 20
124 12
124 15
124 13
124 16
124 22
124 17
124 22
124 23
124 21
124 21
124 21
124 21
124 21
124 21
124 21
124 21
124 21
124 21
124 21
124 21
124 5
124 14
124 23
125 10
125 7
125 5
125 18
126 10
126 7
126 5
126 18
127 10
127 7
127 8
127 20
127 20
127 1
127 15
127 6
127 13
127 16
127 20
127 22
127 22
127 17
127 22
127 11
127 2
127 3
127 9
127 23
128 10
128 7
128 5
129 10
129 7
129 8
129 20
129 20
129 1
129 6
129 15
129 13
129 16
129 20
129 17
129 22
129 23
129 21
129 21
129 21
129 21
129 21
129 21
129 11
129 2
129 3
129 9
129 21
130 10
130 7
130 8
130 1
130 6
130 15
130 13
130 16
130 20
130 22
130 22
130 17
130 22
130 3
130 11
130 2
130 9
130 23
131 10
131 7
131 8
131 20
131 20
131 20
131 20
131 20
131 20
131 20
131 20
131 20
131 20
131 20
131 4
132 10
132 7
132 8
132 1
132 6
132 15
132 13
132 16
132 20
132 22
132 22
132 22
132 22
132 22
132 22
132 22
132 22
132 22
132 22
132 22
132 4
132 12
133 10
133 7
133 8
133 20
133 1
133 15
133 6
133 13
133 16
133 20
133 22
133 22
133 12
133 15
133 13
133 16
133 22
133 17
133 22
133 23
133 21
133 21
133 21
133 12
133 15
133 13
133 16
133 21
133 21
133 21
133 17
133 21
133 23
133 11
133 2
133 3
133 9
133 23
134 10
134 7
134 8
134 20
134 20
134 1
134 6
134 15
134 13
134 16
134 20
134 22
134 12
134 15
134 13
134 16
134 22
134 22
134 22
134 22
134 17
134 22
134 2
134 3
134 9
134 11
134 23
135 10
135 7
135 8
135 1
135 20
135 5
135 20
136 10
136 7
136 8
136 1
136 15
136 6
136 13
136 16
136 20
136 17
136 22
136 11
136 2
136 3
136 9
136 23
137 10
137 7
137 5
138 10
138 7
138 8
138 18
138 20
138 4
138 20
139 10
139 7
139 5
139 18
140 10
140 7
140 5
140 18
141 10
141 7
141 18
141 8
141 18
141 20
141 20
141 20
141 20
141 20
141 4
141 20
142 10
142 7
142 5
142 18
143 10
143 7
143 5
143 18
144 10
144 7
144 5
144 18
145 10
145 7
145 8
145 20
145 20
145 1
145 6
145 15
145 13
145 16
145 20
145 22
145 22
145 17
145 22
145 12
145 15
145 13
145 16
145 23
145 21
145 21
145 12
145 15
145 13
145 16
145 21
145 21
145 21
145 21
145 21
145 21
145 21
145 21
145 21
145 21
145 21
145 21
145 21
145 21
145 21
145 21
145 21
145 17
145 21
145 23
145 23
145 21
145 21
145 21
145 23
145 12
145 15
145 13
145 16
145 21
145 21
145 21
145 21
145 17
145 21
145 23
145 3
145 11
145 2
145 9
145 23
146 10
146 7
146 5
146 18
147 10
147 7
147 8
147 18
147 20
147 20
147 4
147 20
148 10
148 7
148 8
148 20
148 1
148 6
148 15
148 13
148 16
148 20
148 12
148 15
148 13
148 16
148 22
148 17
148 22
148 2
148 3
148 9
148 11
148 23
149 10
149 7
149 8
149 20
149 20
149 20
149 1
149 6
149 15
149 13
149 16
149 20
149 17
149 22
149 3
149 9
149 11
149 2
149 23
150 10
150 7
150 8
150 20
150 20
150 20
150 20
150 20
150 20
150 20
150 20
150 20
150 20
150 20
150 20
150 20
150 20
150 1
150 20
150 20
150 4
151 10
151 7
151 8
151 18
151 20
151 20
151 20
151 20
151 20
151 20
151 20
151 20
151 20
151 20
151 20
151 20
151 20
151 20
151 4
152 10
152 7
152 8
152 20
152 20
152 20
152 20
152 20
152 20
152 1
152 6
152 15
152 13
152 16
152 20
152 22
152 22
152 17
152 22
152 5
152 14
152 23
153 10
153 7
153 5
154 10
154 7
154 8
154 20
154 20
154 20
154 20
154 20
154 20
154 1
154 6
154 15
154 13
154 16
154 20
154 12
154 15
154 13
154 16
154 22
154 22
154 22
154 22
154 22
154 22
154 22
154 22
154 22
154 22
154 22
154 22
154 22
154 22
154 22
154 4
154 12
155 10
155 7
155 5
155 18
156 10
156 7
156 5
157 10
157 7
157 8
157 18
157 1
157 6
157 15
157 13
157 16
157 20
157 22
157 17
157 22
157 23
157 21
157 21
157 21
157 23
157 23
157 21
157 4
157 12
157 21
158 10
158 7
158 5
159 10
159 7
159 5
160 10
160 7
160 8
160 20
160 20
160 20
160 20
160 20
160 20
160 20
160 20
160 20
160 20
160 20
160 20
160 4
161 10
161 7
161 8
161 1
161 6
161 15
161 13
161 16
161 20
161 12
161 15
161 13
161 16
161 22
161 22
161 22
161 22
161 4
161 12
161 22
162 10
162 7
162 5
163 10
163 7
163 8
163 18
163 5
163 20
164 10
164 7
164 5
165 10
165 7
165 5
166 10
166 7
166 8
166 18
166 4
166 20
167 10
167 7
167 8
167 18
167 20
167 20
167 20
167 4
167 20
168 10
168 7
168 18
168 18
168 8
168 18
168 20
168 5
168 20
169 10
169 7
169 5
169 18
170 10
170 7
170 8
170 18
170 20
170 20
170 20
170 20
170 5
170 20
171 10
171 7
171 5
172 10
172 7
172 8
172 18
172 20
172 20
172 20
172 20
172 20
172 4
172 20
173 10
173 7
173 8
173 20
173 20
173 1
173 6
173 15
173 13
173 16
173 20
173 12
173 15
173 13
173 16
173 22
173 22
173 17
173 22
173 23
173 21
173 21
173 21
173 21
173 2
173 3
173 9
173 11
173 23
174 10
174 7
174 18
174 8
174 18
174 5
174 20
175 10
175 7
175 5
176 10
176 7
176 5
177 10
177 7
177 5
177 18
178 10
178 7
178 8
178 20
178 1
178 6
178 15
178 13
178 16
178 20
178 4
178 12
178 22
179 10
179 7
179 5
179 18
180 10
180 7
180 8
180 18
180 20
180 1
180 15
180 6
180 13
180 16
180 20
180 22
180 22
180 22
180 22
180 22
180 22
180 17
180 22
180 23
180 21
180 21
180 21
180 21
180 21
180 21
180 5
180 14
180 21
181 10
181 7
181 8
181 18
181 5
181 20
182 10
182 7
182 8
182 18
182 5
182 20
183 10
183 7
183 5
183 18
184 10
184 7
184 8
184 20
184 20
184 20
184 20
184 20
184 20
184 20
184 20
184 20
184 20
184 20
184 20
184 20
184 20
184 5
184 20
185 10
185 7
185 8
185 20
185 1
185 6
185 15
185 13
185 16
185 20
185 22
185 22
185 22
185 17
185 22
185 23
185 23
185 23
185 21
185 21
185 2
185 3
185 9
185 11
185 23
186 10
186 7
186 8
186 20
186 20
186 20
186 1
186 6
186 15
186 13
186 16
186 20
186 17
186 22
186 23
186 2
186 3
186 9
186 11
186 23
187 10
187 7
187 8
187 18
187 5
187 20
188 10
188 7
188 8
188 18
188 20
188 20
188 1
188 15
188 6
188 13
188 16
188 20
188 22
188 17
188 22
188 23
188 21
188 21
188 21
188 21
188 21
188 5
188 14
188 23
189 10
189 7
189 18
189 8
189 18
189 20
189 1
189 15
189 6
189 13
189 16
189 20
189 22
189 22
189 22
189 22
189 22
189 12
189 15
189 13
189 16
189 22
189 22
189 22
189 22
189 22
189 22
189 17
189 22
189 23
189 21
189 21
189 21
189 21
189 21
189 21
189 3
189 11
189 2
189 9
189 23
190 10
190 7
190 5
191 10
191 7
191 8
191 20
191 20
191 20
191 20
191 20
191 20
191 20
191 20
191 20
191 20
191 20
191 20
191 20
191 20
191 20
191 20
191 20
191 20
191 20
191 1
191 6
191 15
191 13
191 16
191 20
191 22
191 22
191 22
191 22
191 22
191 22
191 22
191 4
191 12
191 22
192 10
192 7
192 5
192 18
193 10
193 7
193 5
194 10
194 7
194 8
194 1
194 6
194 15
194 13
194 16
194 20
194 4
194 12
194 22
195 10
195 7
195 5
195 18
196 10
196 7
196 8
196 1
196 6
196 15
196 13
196 16
196 20
196 17
196 22
196 23
196 23
196 23
196 21
196 21
196 2
196 3
196 9
196 11
196 23
197 10
197 7
197 8
197 1
197 4
197 20
198 10
198 7
198 8
198 18
198 20
198 20
198 20
198 1
198 6
198 15
198 13
198 16
198 20
198 22
198 22
198 22
198 22
198 22
198 22
198 4
198 12
198 22
199 10
199 7
199 8
199 18
199 1
199 6
199 15
199 13
199 16
199 20
199 12
199 15
199 13
199 16
199 22
199 22
199 22
199 22
199 22
199 22
199 22
199 22
199 22
199 22
199 22
199 22
199 22
199 22
199 22
199 22
199 4
199 12
200 10
200 7
200 8
200 18
200 20
200 5
200 20
201 10
201 7
201 5
201 18
202 10
202 7
202 8
202 18
202 20
202 5
202 20
203 10
203 7
203 8
203 20
203 20
203 20
203 20
203 1
203 6
203 15
203 13
203 16
203 20
203 22
203 17
203 22
203 23
203 23
203 21
203 2
203 3
203 9
203 11
203 23
204 10
204 7
204 8
204 20
204 1
204 6
204 15
204 13
204 16
204 20
204 22
204 22
204 22
204 22
204 22
204 22
204 22
204 22
204 22
204 22
204 4
204 12
205 10
205 7
205 8
205 20
205 20
205 20
205 20
205 1
205 6
205 15
205 13
205 16
205 20
205 22
205 17
205 22
205 23
205 21
205 21
205 21
205 21
205 23
205 11
205 2
205 3
205 9
205 23
206 10
206 7
206 5
207 10
207 7
207 8
207 18
207 5
207 20
208 10
208 7
208 8
208 20
208 1
208 6
208 15
208 13
208 16
208 20
208 22
208 22
208 17
208 22
208 23
208 11
208 2
208 3
208 9
208 23
209 10
209 7
209 8
209 18
209 1
209 6
209 15
209 13
209 16
209 20
209 22
209 22
209 22
209 17
209 22
209 23
209 21
209 21
209 21
209 21
209 23
209 23
209 21
209 21
209 12
209 15
209 13
209 16
209 21
209 21
209 21
209 17
209 21
209 23
209 11
209 2
209 3
209 9
209 21
210 10
210 7
210 5
211 10
211 7
211 8
211 1
211 6
211 15
211 13
211 16
211 20
211 17
211 22
211 23
211 21
211 21
211 21
211 21
211 21
211 21
211 21
211 21
211 21
211 21
211 21
211 21
211 2
211 3
211 9
211 11
211 23
212 10
212 7
212 5
212 18
213 10
213 7
213 8
213 1
213 6
213 15
213 13
213 16
213 20
213 12
213 15
213 13
213 16
213 22
213 22
213 22
213 22
213 22
213 22
213 22
213 4
213 12
213 22
214 10
214 7
214 5
214 18
215 10
215 7
215 5
215 18
216 10
216 7
216 8
216 20
216 1
216 6
216 15
216 13
216 16
216 20
216 22
216 22
216 22
216 22
216 17
216 22
216 12
216 15
216 13
216 16
216 23
216 21
216 21
216 21
216 21
216 21
216 21
216 21
216 21
216 21
216 21
216 21
216 21
216 21
216 21
216 17
216 21
216 5
216 14
216 23
217 10
217 7
217 18
217 8
217 18
217 20
217 20
217 20
217 20
217 20
217 20
217 4
217 20
218 10
218 7
218 5
218 18
219 10
219 7
219 8
219 1
219 6
219 15
219 13
219 16
219 20
219 22
219 12
219 15
219 13
219 16
219 22
219 22
219 4
219 12
219 22
220 10
220 7
220 5
221 10
221 7
221 5
222 10
222 7
222 18
222 18
222 18
222 18
222 18
222 18
222 18
222 5
222 18
223 10
223 7
223 8
223 20
223 20
223 1
223 6
223 15
223 13
223 16
223 20
223 22
223 22
223 4
223 12
223 22
224 10
224 7
224 8
224 1
224 6
224 15
224 13
224 16
224 20
224 12
224 15
224 13
224 16
224 22
224 22
224 17
224 22
224 23
224 23
224 21
224 21
224 21
224 21
224 21
224 21
224 21
224 12
224 15
224 13
224 16
224 23
224 21
224 2
224 3
224 9
224 11
224 21
225 10
225 7
225 8
225 1
225 6
225 15
225 13
225 16
225 20
225 17
225 22
225 23
225 3
225 11
225 2
225 9
225 23
226 10
226 7
226 8
226 20
226 1
226 6
226 15
226 13
226 16
226 20
226 22
226 17
226 22
226 23
226 5
226 14
226 23
227 10
227 7
227 5
228 10
228 7
228 8
228 1
228 6
228 15
228 13
228 16
228 20
228 17
228 22
228 5
228 14
228 23
229 10
229 7
229 8
229 20
229 1
229 6
229 15
229 13
229 16
229 20
229 22
229 22
229 22
229 22
229 22
229 22
229 22
229 22
229 17
229 22
229 23
229 23
229 21
229 21
229 21
229 21
229 23
229 21
229 21
229 21
229 21
229 21
229 21
229 21
229 21
229 21
229 21
229 21
229 21
229 21
229 21
229 21
229 23
229 23
229 5
229 14
229 23
230 10
230 7
230 8
230 18
230 5
230 20
231 10
231 7
231 8
231 18
231 20
231 1
231 6
231 15
231 13
231 16
231 20
231 22
231 22
231 22
231 22
231 22
231 22
231 17
231 22
231 23
231 5
231 14
231 23
232 10
232 7
232 8
232 1
232 6
232 15
232 13
232 16
232 20
232 22
232 22
232 22
232 22
232 22
232 22
232 22
232 22
232 22
232 22
232 22
232 22
232 22
232 22
232 22
232 22
232 4
232 12
233 10
233 7
233 8
233 20
233 20
233 20
233 20
233 1
233 6
233 15
233 13
233 16
233 20
233 22
233 12
233 15
233 13
233 16
233 22
233 22
233 17
233 22
233 23
233 21
233 21
233 21
233 3
233 9
233 11
233 2
233 23
234 10
234 7
234 5
235 10
235 7
235 8
235 1
235 15
235 6
235 13
235 16
235 20
235 22
235 17
235 22
235 2
235 3
235 9
235 11
235 23
236 10
236 7
236 8
236 18
236 20
236 20
236 20
236 20
236 20
236 20
236 20
236 20
236 20
236 1
236 6
236 15
236 13
236 16
236 20
236 22
236 22
236 22
236 22
236 17
236 22
236 23
236 21
236 21
236 21
236 5
236 14
236 23
237 10
237 7
237 8
237 20
237 20
237 20
237 20
237 20
237 20
237 20
237 20
237 4
238 10
238 7
238 8
238 18
238 1
238 6
238 15
238 13
238 16
238 20
238 22
238 17
238 22
238 23
238 23
238 21
238 21
238 21
238 2
238 3
238 9
238 11
238 23
239 10
239 7
239 5
240 10
240 7
240 8
240 20
240 1
240 6
240 15
240 13
240 16
240 20
240 17
240 22
240 2
240 3
240 9
240 11
240 23
241 10
241 7
241 8
241 20
241 20
241 20
241 4
241 20
242 10
242 7
242 8
242 18
242 1
242 20
242 6
242 15
242 13
242 16
242 20
242 22
242 22
242 12
242 15
242 13
242 16
242 22
242 22
242 22
242 22
242 12
242 15
242 13
242 16
242 22
242 22
242 17
242 22
242 23
242 23
242 21
242 21
242 5
242 14
242 21
243 10
243 7
243 5
244 10
244 7
244 18
244 5
244 18
245 10
245 7
245 8
245 20
245 20
245 20
245 5
245 20
246 10
246 7
246 8
246 1
246 6
246 15
246 13
246 16
246 20
246 17
246 22
246 23
246 23
246 23
246 21
246 21
246 3
246 11
246 2
246 9
246 23
247 10
247 7
247 8
247 18
247 20
247 4
247 20
248 10
248 7
248 5
249 10
249 7
249 8
249 20
249 20
249 20
249 20
249 20
249 20
249 20
249 20
249 20
249 4
250 10
250 7
250 5
251 10
251 7
251 8
251 20
251 1
251 6
251 15
251 13
251 16
251 20
251 22
251 22
251 17
251 22
251 23
251 21
251 21
251 21
251 23
251 21
251 21
251 21
251 21
251 2
251 3
251 9
251 11
251 23
252 10
252 7
252 5
253 10
253 7
253 8
253 18
253 20
253 1
253 6
253 15
253 13
253 16
253 20
253 17
253 22
253 5
253 14
253 23
254 10
254 7
254 5
254 18
255 10
255 7
255 8
255 20
255 4
255 20
256 10
256 7
256 8
256 18
256 20
256 20
256 1
256 6
256 15
256 13
256 16
256 20
256 12
256 15
256 13
256 16
256 22
256 22
256 22
256 22
256 17
256 22
256 23
256 21
256 21
256 3
256 11
256 2
256 9
256 21
257 10
257 7
257 8
257 18
257 20
257 20
257 20
257 20
257 20
257 20
257 20
257 20
257 20
257 20
257 4
257 20
258 10
258 7
258 8
258 18
258 20
258 20
258 5
258 20
259 10
259 7
259 8
259 20
259 1
259 6
259 15
259 13
259 16
259 20
259 17
259 22
259 11
259 2
259 3
259 9
259 23
260 10
260 7
260 8
260 18
260 20
260 20
260 20
260 20
260 20
260 20
260 4
260 20
261 10
261 7
261 8
261 1
261 6
261 15
261 13
261 16
261 20
261 22
261 22
261 22
261 22
261 22
261 22
261 22
261 22
261 22
261 22
261 22
261 22
261 4
261 12
262 10
262 7
262 8
262 4
262 20
263 10
263 7
263 5
263 18
264 10
264 7
264 8
264 1
264 6
264 15
264 13
264 16
264 20
264 22
264 22
264 12
264 15
264 13
264 16
264 22
264 22
264 22
264 22
264 22
264 22
264 22
264 22
264 22
264 17
264 22
264 2
264 3
264 9
264 11
264 23
265 10
265 7
265 8
265 1
265 6
265 15
265 13
265 16
265 20
265 22
265 17
265 22
265 23
265 2
265 3
265 9
265 11
265 23
266 10
266 7
266 8
266 1
266 6
266 15
266 13
266 16
266 20
266 22
266 17
266 22
266 5
266 14
266 23
267 10
267 7
267 8
267 1
267 6
267 15
267 13
267 16
267 20
267 22
267 22
267 22
267 22
267 22
267 22
267 22
267 22
267 22
267 22
267 22
267 22
267 22
267 12
267 15
267 13
267 16
267 22
267 22
267 22
267 22
267 22
267 22
267 22
267 22
267 22
267 17
267 22
267 23
267 3
267 11
267 2
267 9
267 23
268 10
268 7
268 5
269 10
269 7
269 8
269 20
269 20
269 20
269 20
269 20
269 20
269 20
269 20
269 20
269 20
269 20
269 20
269 20
269 1
269 6
269 15
269 13
269 16
269 20
269 22
269 22
269 22
269 22
269 22
269 22
269 22
269 22
269 22
269 22
269 22
269 22
269 22
269 22
269 22
269 22
269 22
269 4
269 12
269 22
270 10
270 7
270 5
271 10
271 7
271 5
272 10
272 7
272 5
272 18
273 10
273 7
273 8
273 20
273 20
273 20
273 20
273 1
273 6
273 15
273 13
273 16
273 20
273 22
273 17
273 22
273 23
273 23
273 23
273 23
273 5
273 14
273 23
274 10
274 7
274 5
274 18
275 10
275 7
275 8
275 1
275 6
275 15
275 13
275 16
275 20
275 22
275 22
275 17
275 22
275 2
275 3
275 9
275 11
275 23
276 10
276 7
276 8
276 1
276 6
276 15
276 13
276 16
276 20
276 22
276 22
276 17
276 22
276 23
276 23
276 23
276 3
276 9
276 11
276 2
276 23
277 10
277 7
277 8
277 18
277 20
277 20
277 1
277 6
277 15
277 13
277 16
277 20
277 22
277 22
277 22
277 22
277 22
277 22
277 22
277 22
277 22
277 4
277 12
277 22
278 10
278 7
278 5
279 10
279 7
279 18
279 8
279 18
279 20
279 20
279 20
279 1
279 6
279 15
279 13
279 16
279 20
279 22
279 22
279 22
279 22
279 22
279 22
279 22
279 22
279 22
279 22
279 22
279 22
279 22
279 4
279 12
280 10
280 7
280 8
280 18
280 1
280 15
280 6
280 13
280 16
280 20
280 22
280 22
280 22
280 22
280 17
280 22
280 23
280 21
280 21
280 21
280 21
280 21
280 21
280 21
280 21
280 21
280 21
280 21
280 23
280 5
280 14
280 23
281 10
281 7
281 8
281 18
281 1
281 15
281 6
281 13
281 16
281 20
281 17
281 22
281 23
281 3
281 11
281 2
281 9
281 23
282 10
282 7
282 8
282 18
282 1
282 6
282 15
282 13
282 16
282 20
282 22
282 22
282 22
282 22
282 4
282 12
282 22
283 10
283 7
283 8
283 18
283 1
283 6
283 15
283 13
283 16
283 20
283 22
283 22
283 22
283 22
283 22
283 22
283 22
283 22
283 22
283 4
283 12
283 22
284 10
284 7
284 8
284 1
284 6
284 15
284 13
284 16
284 20
284 22
284 4
284 12
284 22
285 10
285 7
285 5
285 18
286 10
286 7
286 8
286 20
286 20
286 20
286 1
286 6
286 15
286 13
286 16
286 20
286 22
286 22
286 22
286 17
286 22
286 23
286 21
286 21
286 21
286 21
286 21
286 23
286 21
286 21
286 21
286 21
286 21
286 21
286 21
286 21
286 21
286 21
286 21
286 3
286 11
286 2
286 9
286 23
287 10
287 7
287 5
288 10
288 7
288 8
288 18
288 1
288 6
288 15
288 13
288 16
288 20
288 17
288 22
288 3
288 11
288 2
288 9
288 23
289 10
289 7
289 8
289 1
289 6
289 15
289 13
289 16
289 20
289 22
289 22
289 17
289 22
289 2
289 3
289 9
289 11
289 23
290 10
290 7
290 8
290 5
290 20
291 10
291 7
291 8
291 18
291 5
291 20
292 10
292 7
292 8
292 20
292 1
292 6
292 15
292 13
292 16
292 20
292 22
292 22
292 22
292 22
292 22
292 22
292 22
292 22
292 22
292 22
292 22
292 22
292 4
292 12
293 10
293 7
293 5
294 10
294 7
294 8
294 1
294 6
294 15
294 13
294 16
294 20
294 22
294 22
294 22
294 22
294 17
294 22
294 2
294 3
294 9
294 11
294 23
295 10
295 7
295 5
295 18
296 10
296 7
296 18
296 5
296 18
297 10
297 7
297 8
297 1
297 6
297 15
297 13
297 16
297 20
297 22
297 17
297 22
297 23
297 23
297 3
297 11
297 2
297 9
297 23
298 10
298 7
298 5
299 10
299 7
299 8
299 1
299 6
299 15
299 13
299 16
299 20
299 22
299 22
299 17
299 22
299 23
299 2
299 3
299 9
299 11
299 23
300 10
300 7
300 8
300 20
300 1
300 6
300 15
300 13
300 16
300 20
300 22
300 22
300 22
300 22
300 4
300 12
301 10
301 7
301 5
302 10
302 7
302 8
302 1
302 6
302 15
302 13
302 16
302 20
302 22
302 22
302 22
302 22
302 22
302 22
302 22
302 12
302 15
302 13
302 16
302 22
302 22
302 22
302 22
302 22
302 22
302 22
302 22
302 4
302 12
302 22
303 10
303 7
303 5
303 18
304 10
304 7
304 8
304 20
304 20
304 20
304 1
304 6
304 15
304 13
304 16
304 20
304 12
304 15
304 13
304 16
304 22
304 22
304 22
304 22
304 17
304 22
304 23
304 23
304 12
304 15
304 13
304 16
304 23
304 11
304 2
304 3
304 9
304 21
305 10
305 7
305 8
305 1
305 15
305 6
305 13
305 16
305 20
305 22
305 22
305 22
305 17
305 22
305 23
305 23
305 11
305 2
305 3
305 9
305 23
306 10
306 7
306 8
306 1
306 6
306 15
306 13
306 16
306 20
306 22
306 17
306 22
306 23
306 21
306 21
306 21
306 21
306 21
306 23
306 5
306 14
306 23
307 10
307 7
307 8
307 18
307 1
307 6
307 15
307 13
307 16
307 20
307 22
307 12
307 15
307 13
307 16
307 22
307 22
307 22
307 22
307 17
307 22
307 23
307 21
307 21
307 23
307 23
307 3
307 9
307 11
307 2
307 23
308 10
308 7
308 5
309 10
309 7
309 5
309 18
310 10
310 7
310 18
310 5
310 18
311 10
311 7
311 8
311 20
311 20
311 20
311 20
311 20
311 20
311 20
311 20
311 20
311 20
311 1
311 6
311 15
311 13
311 16
311 20
311 12
311 15
311 13
311 16
311 22
311 22
311 22
311 22
311 22
311 22
311 4
311 12
312 10
312 7
312 5
313 10
313 7
313 5
314 10
314 7
314 5
315 10
315 7
315 8
315 20
315 20
315 20
315 20
315 20
315 20
315 20
315 20
315 20
315 20
315 20
315 20
315 4
316 10
316 7
316 8
316 20
316 1
316 6
316 15
316 13
316 16
316 20
316 22
316 22
316 17
316 22
316 11
316 2
316 3
316 9
316 23
317 10
317 7
317 8
317 18
317 20
317 20
317 20
317 20
317 20
317 20
317 20
317 20
317 20
317 20
317 20
317 20
317 20
317 20
317 20
317 20
317 20
317 20
317 4
318 10
318 7
318 5
319 10
319 7
319 8
319 20
319 20
319 20
319 20
319 1
319 6
319 15
319 13
319 16
319 20
319 22
319 4
319 12
319 22
320 10
320 7
320 5
321 10
321 7
321 5
322 10
322 7
322 5
323 10
323 7
323 8
323 20
323 20
323 1
323 15
323 6
323 13
323 16
323 20
323 22
323 12
323 15
323 13
323 16
323 22
323 22
323 22
323 22
323 22
323 17
323 22
323 5
323 14
323 23
324 10
324 7
324 8
324 20
324 20
324 20
324 20
324 20
324 20
324 20
324 20
324 20
324 20
324 20
324 20
324 20
324 20
324 4
325 10
325 7
325 8
325 18
325 5
325 20
326 10
326 7
326 8
326 20
326 20
326 20
326 20
326 4
326 20
327 10
327 7
327 8
327 1
327 15
327 6
327 13
327 16
327 20
327 22
327 17
327 22
327 23
327 19
327 11
327 2
327 3
327 9
327 23
328 10
328 7
328 8
328 1
328 6
328 15
328 13
328 16
328 20
328 12
328 15
328 13
328 16
328 22
328 22
328 22
328 12
328 15
328 13
328 16
328 22
328 22
328 22
328 22
328 22
328 22
328 22
328 22
328 22
328 17
328 22
328 11
328 2
328 3
328 9
328 23
329 10
329 7
329 5
330 10
330 7
330 5
330 18
331 10
331 7
331 18
331 5
331 18
332 10
332 7
332 19
332 5
332 19
333 10
333 7
333 8
333 18
333 20
333 20
333 20
333 20
333 20
333 20
333 1
333 15
333 6
333 13
333 16
333 20
333 22
333 22
333 22
333 4
333 12
333 22
334 10
334 7
334 8
334 1
334 6
334 15
334 13
334 16
334 20
334 22
334 22
334 22
334 22
334 22
334 22
334 22
334 22
334 22
334 22
334 22
334 22
334 22
334 4
334 12
335 10
335 7
335 18
335 5
335 18
336 10
336 7
336 18
336 5
336 18
337 10
337 7
337 8
337 1
337 6
337 15
337 13
337 16
337 20
337 22
337 22
337 22
337 22
337 22
337 22
337 22
337 22
337 22
337 22
337 17
337 22
337 2
337 3
337 9
337 11
337 23
338 10
338 7
338 8
338 20
338 1
338 6
338 15
338 13
338 16
338 20
338 22
338 17
338 22
338 2
338 3
338 9
338 11
338 23
339 10
339 7
339 19
339 5
339 19
340 10
340 7
340 8
340 1
340 6
340 15
340 13
340 16
340 20
340 12
340 15
340 13
340 16
340 22
340 17
340 22
340 23
340 23
340 21
340 21
340 21
340 21
340 23
340 2
340 3
340 9
340 11
340 23
341 10
341 7
341 8
341 20
341 1
341 15
341 6
341 13
341 16
341 20
341 12
341 15
341 13
341 16
341 22
341 22
341 17
341 22
341 12
341 15
341 13
341 16
341 23
341 3
341 11
341 2
341 9
341 21
342 10
342 7
342 8
342 20
342 20
342 20
342 20
342 20
342 20
342 1
342 6
342 15
342 13
342 16
342 20
342 12
342 15
342 13
342 16
342 22
342 22
342 17
342 22
342 12
342 15
342 13
342 16
342 23
342 3
342 9
342 11
342 2
342 21
343 10
343 7
343 8
343 20
343 20
343 20
343 20
343 20
343 20
343 20
343 20
343 20
343 4
343 20
344 10
344 7
344 18
344 5
344 18
345 10
345 7
345 8
345 20
345 1
345 6
345 15
345 13
345 16
345 20
345 22
345 22
345 22
345 17
345 22
345 11
345 2
345 3
345 9
345 23
346 10
346 7
346 5
347 10
347 7
347 8
347 20
347 1
347 6
347 15
347 13
347 16
347 20
347 22
347 17
347 22
347 2
347 3
347 9
347 11
347 23
348 10
348 7
348 5
348 18
349 10
349 7
349 8
349 18
349 20
349 20
349 20
349 1
349 15
349 6
349 13
349 16
349 20
349 22
349 22
349 17
349 22
349 23
349 21
349 21
349 21
349 23
349 21
349 21
349 5
349 14
349 21
350 10
350 7
350 5
351 10
351 7
351 5
352 10
352 7
352 5
352 18
353 10
353 7
353 5
354 10
354 7
354 8
354 20
354 1
354 6
354 15
354 13
354 16
354 20
354 22
354 17
354 22
354 5
354 14
354 23
355 10
355 7
355 5
356 10
356 7
356 8
356 20
356 20
356 20
356 20
356 20
356 20
356 20
356 20
356 20
356 20
356 20
356 20
356 20
356 20
356 20
356 20
356 20
356 20
356 20
356 20
356 20
356 20
356 20
356 4
357 10
357 7
357 5
358 10
358 7
358 5
359 10
359 7
359 8
359 18
359 1
359 6
359 15
359 13
359 16
359 20
359 12
359 15
359 13
359 16
359 22
359 22
359 22
359 22
359 17
359 22
359 23
359 21
359 23
359 12
359 15
359 13
359 16
359 23
359 2
359 3
359 9
359 11
359 21
360 10
360 7
360 8
360 1
360 6
360 15
360 13
360 16
360 20
360 22
360 22
360 22
360 22
360 22
360 22
360 22
360 22
360 22
360 22
360 22
360 22
360 22
360 22
360 22
360 22
360 22
360 22
360 22
360 4
360 12
361 10
361 7
361 8
361 20
361 5
361 20
362 10
362 7
362 8
362 20
362 1
362 15
362 6
362 13
362 16
362 20
362 22
362 22
362 17
362 22
362 23
362 21
362 21
362 21
362 2
362 3
362 9
362 11
362 23
363 10
363 7
363 8
363 20
363 1
363 6
363 15
363 13
363 16
363 20
363 4
363 12
363 22
364 10
364 7
364 5
365 10
365 7
365 5
366 10
366 7
366 5
366 18
367 10
367 7
367 5
368 10
368 7
368 5
369 10
369 7
369 8
369 20
369 20
369 20
369 1
369 6
369 15
369 13
369 16
369 20
369 22
369 22
369 22
369 22
369 17
369 22
369 23
369 21
369 21
369 21
369 21
369 3
369 9
369 11
369 2
369 23
370 10
370 7
370 8
370 20
370 1
370 6
370 15
370 13
370 16
370 20
370 22
370 17
370 22
370 5
370 14
370 23
371 10
371 7
371 8
371 20
371 1
371 15
371 6
371 13
371 16
371 20
371 22
371 22
371 22
371 22
371 22
371 17
371 22
371 23
371 23
371 21
371 21
371 21
371 23
371 21
371 21
371 23
371 23
371 21
371 21
371 21
371 23
371 3
371 11
371 2
371 9
371 23
372 10
372 7
372 8
372 20
372 20
372 20
372 20
372 20
372 20
372 20
372 4
373 10
373 7
373 8
373 18
373 20
373 20
373 20
373 20
373 5
373 20
374 10
374 7
374 8
374 18
374 20
374 20
374 5
374 20
375 10
375 7
375 8
375 20
375 1
375 6
375 15
375 13
375 16
375 20
375 22
375 12
375 15
375 13
375 16
375 22
375 22
375 22
375 17
375 22
375 2
375 3
375 9
375 11
375 23
376 10
376 7
376 5
377 10
377 7
377 8
377 20
377 20
377 20
377 20
377 20
377 20
377 20
377 20
377 20
377 20
377 20
377 20
377 20
377 4
378 10
378 7
378 8
378 1
378 6
378 15
378 13
378 16
378 20
378 22
378 22
378 22
378 17
378 22
378 23
378 21
378 21
378 12
378 15
378 13
378 16
378 21
378 21
378 21
378 21
378 21
378 21
378 17
378 21
378 23
378 21
378 21
378 21
378 21
378 21
378 21
378 21
378 21
378 21
378 21
378 12
378 15
378 13
378 16
378 21
378 21
378 21
378 21
378 21
378 5
378 14
378 21
379 10
379 7
379 8
379 20
379 1
379 6
379 15
379 13
379 16
379 20
379 17
379 22
379 2
379 3
379 9
379 11
379 23
380 10
380 7
380 8
380 20
380 20
380 1
380 6
380 15
380 13
380 16
380 20
380 22
380 17
380 22
380 3
380 9
380 11
380 2
380 23
381 10
381 7
381 8
381 1
381 15
381 6
381 13
381 16
381 20
381 22
381 22
381 22
381 22
381 22
381 22
381 22
381 22
381 22
381 4
381 12
382 10
382 7
382 8
382 20
382 20
382 1
382 6
382 15
382 13
382 16
382 20
382 12
382 15
382 13
382 16
382 22
382 12
382 15
382 13
382 16
382 22
382 22
382 22
382 22
382 22
382 22
382 22
382 22
382 22
382 4
382 12
383 10
383 7
383 5
384 10
384 7
384 8
384 1
384 20
384 4
384 20
385 10
385 7
385 8
385 20
385 4
385 20
386 10
386 7
386 8
386 20
386 20
386 20
386 20
386 20
386 1
386 6
386 15
386 13
386 16
386 20
386 17
386 22
386 23
386 21
386 21
386 21
386 21
386 21
386 23
386 23
386 23
386 3
386 9
386 11
386 2
386 23
387 10
387 7
387 5
388 10
388 7
388 8
388 18
388 20
388 5
388 20
389 10
389 7
389 8
389 1
389 6
389 15
389 13
389 16
389 20
389 22
389 22
389 22
389 22
389 17
389 22
389 23
389 23
389 5
389 14
389 23
390 10
390 7
390 18
390 5
390 18
391 10
391 7
391 8
391 20
391 20
391 1
391 6
391 15
391 13
391 16
391 20
391 22
391 17
391 22
391 2
391 3
391 9
391 11
391 23
392 10
392 7
392 8
392 1
392 6
392 15
392 13
392 16
392 20
392 22
392 22
392 22
392 4
392 12
392 22
393 10
393 7
393 8
393 18
393 20
393 20
393 1
393 6
393 15
393 13
393 16
393 20
393 22
393 22
393 22
393 22
393 22
393 22
393 22
393 4
393 12
394 10
394 7
394 8
394 18
394 1
394 15
394 6
394 13
394 16
394 20
394 22
394 22
394 22
394 22
394 22
394 17
394 22
394 5
394 14
394 23
395 10
395 7
395 8
395 18
395 20
395 1
395 6
395 15
395 13
395 16
395 20
395 22
395 17
395 22
395 23
395 21
395 21
395 21
395 2
395 3
395 9
395 11
395 23
396 10
396 7
396 8
396 1
396 6
396 15
396 13
396 16
396 20
396 22
396 22
396 17
396 22
396 23
396 23
396 21
396 21
396 23
396 2
396 3
396 9
396 11
396 23
397 10
397 7
397 8
397 1
397 6
397 15
397 13
397 16
397 20
397 22
397 17
397 22
397 2
397 3
397 9
397 11
397 23
398 10
398 7
398 8
398 18
398 20
398 20
398 20
398 5
398 20
399 10
399 7
399 8
399 20
399 1
399 15
399 6
399 13
399 16
399 20
399 12
399 15
399 13
399 16
399 22
399 22
399 17
399 22
399 23
399 21
399 21
399 21
399 21
399 2
399 3
399 9
399 11
399 23
400 10
400 7
400 8
400 20
400 20
400 1
400 6
400 15
400 13
400 16
400 20
400 22
400 22
400 22
400 22
400 22
400 22
400 22
400 17
400 22
400 23
400 21
400 11
400 2
400 3
400 9
400 23
401 10
401 7
401 8
401 18
401 5
401 20
402 10
402 7
402 8
402 20
402 1
402 6
402 15
402 13
402 16
402 20
402 22
402 17
402 22
402 23
402 23
402 21
402 21
402 21
402 21
402 21
402 23
402 21
402 21
402 21
402 21
402 21
402 21
402 21
402 21
402 21
402 21
402 21
402 12
402 15
402 13
402 16
402 21
402 21
402 21
402 21
402 21
402 21
402 17
402 21
402 11
402 2
402 3
402 9
402 23
403 10
403 7
403 8
403 18
403 20
403 20
403 1
403 15
403 6
403 13
403 16
403 20
403 22
403 4
403 12
403 22
404 10
404 7
404 8
404 20
404 20
404 4
404 20
405 10
405 7
405 8
405 1
405 6
405 15
405 13
405 16
405 20
405 17
405 22
405 3
405 9
405 11
405 2
405 23
406 10
406 7
406 5
406 18
407 10
407 7
407 8
407 20
407 20
407 1
407 6
407 15
407 13
407 16
407 20
407 22
407 22
407 22
407 22
407 22
407 22
407 22
407 22
407 22
407 22
407 22
407 4
407 12
407 22
408 10
408 7
408 8
408 20
408 20
408 20
408 1
408 6
408 15
408 13
408 16
408 20
408 22
408 22
408 22
408 22
408 17
408 22
408 23
408 23
408 23
408 21
408 2
408 3
408 9
408 11
408 23
409 10
409 7
409 8
409 20
409 20
409 1
409 6
409 15
409 13
409 16
409 20
409 22
409 22
409 22
409 12
409 15
409 13
409 16
409 22
409 22
409 22
409 22
409 22
409 22
409 22
409 22
409 22
409 17
409 22
409 23
409 11
409 3
409 2
409 9
409 23
410 10
410 7
410 18
410 8
410 18
410 20
410 20
410 20
410 20
410 1
410 6
410 15
410 13
410 16
410 20
410 22
410 22
410 17
410 22
410 23
410 23
410 23
410 2
410 3
410 9
410 11
410 23
411 10
411 7
411 8
411 20
411 1
411 6
411 15
411 13
411 16
411 20
411 22
411 22
411 22
411 22
411 22
411 22
411 22
411 22
411 4
411 12
411 22
412 10
412 7
412 8
412 20
412 5
412 20
413 10
413 7
413 8
413 1
413 6
413 15
413 13
413 16
413 20
413 12
413 15
413 13
413 16
413 22
413 22
413 4
413 12
413 22
414 10
414 7
414 5
415 10
415 7
415 8
415 20
415 20
415 20
415 20
415 20
415 4
416 10
416 7
416 5
416 18
417 10
417 7
417 8
417 5
417 20
418 10
418 7
418 19
418 19
418 19
418 5
418 19
419 10
419 7
419 5
420 10
420 7
420 5
421 10
421 7
421 5
422 10
422 7
422 8
422 18
422 5
422 20
423 10
423 7
423 8
423 20
423 20
423 1
423 6
423 15
423 13
423 16
423 20
423 12
423 15
423 13
423 16
423 22
423 17
423 22
423 23
423 21
423 21
423 21
423 21
423 21
423 21
423 21
423 21
423 21
423 4
423 12
423 21
424 10
424 7
424 8
424 18
424 1
424 6
424 15
424 13
424 16
424 20
424 22
424 17
424 22
424 5
424 14
424 23
425 10
425 7
425 5
426 10
426 7
426 8
426 20
426 20
426 20
426 20
426 20
426 20
426 20
426 20
426 20
426 4
426 20
427 10
427 7
427 8
427 18
427 20
427 1
427 6
427 15
427 13
427 16
427 20
427 22
427 17
427 22
427 23
427 23
427 23
427 19
427 23
427 11
427 2
427 3
427 9
427 23
428 10
428 7
428 5
429 10
429 7
429 5
429 18
430 10
430 7
430 5
431 10
431 7
431 8
431 1
431 6
431 15
431 13
431 16
431 20
431 22
431 22
431 22
431 22
431 22
431 22
431 22
431 22
431 22
431 22
431 22
431 22
431 22
431 4
431 12
431 22
432 10
432 7
432 5
432 18
433 10
433 7
433 8
433 20
433 20
433 1
433 6
433 15
433 13
433 16
433 20
433 17
433 22
433 23
433 5
433 14
433 23
434 10
434 7
434 8
434 18
434 20
434 20
434 20
434 20
434 20
434 20
434 20
434 20
434 20
434 20
434 20
434 4
434 20
435 10
435 7
435 5
436 10
436 7
436 8
436 18
436 1
436 6
436 15
436 13
436 16
436 20
436 22
436 22
436 22
436 22
436 17
436 22
436 2
436 3
436 9
436 11
436 23
437 10
437 7
437 5
437 18
438 10
438 7
438 8
438 20
438 1
438 6
438 15
438 13
438 16
438 20
438 22
438 12
438 15
438 13
438 16
438 22
438 22
438 22
438 22
438 22
438 22
438 22
438 22
438 22
438 22
438 17
438 22
438 23
438 23
438 3
438 9
438 11
438 2
438 23
439 10
439 7
439 5
439 18
440 10
440 7
440 5
440 18
441 10
441 7
441 5
442 10
442 7
442 5
443 10
443 7
443 8
443 18
443 20
443 5
443 20
444 10
444 7
444 8
444 20
444 20
444 20
444 1
444 6
444 15
444 13
444 16
444 20
444 22
444 12
444 15
444 13
444 16
444 22
444 22
444 22
444 17
444 22
444 23
444 21
444 21
444 21
444 21
444 21
444 21
444 21
444 23
444 21
444 21
444 21
444 21
444 5
444 14
444 23
445 10
445 7
445 8
445 1
445 6
445 15
445 13
445 16
445 20
445 22
445 22
445 22
445 22
445 22
445 22
445 17
445 22
445 23
445 23
445 23
445 21
445 21
445 5
445 14
445 23
446 10
446 7
446 5
447 10
447 7
447 5
447 18
448 10
448 7
448 5
449 10
449 7
449 8
449 18
449 1
449 15
449 6
449 13
449 16
449 20
449 22
449 22
449 22
449 22
449 22
449 22
449 22
449 22
449 22
449 22
449 22
449 12
449 15
449 13
449 16
449 22
449 22
449 22
449 22
449 22
449 22
449 22
449 22
449 17
449 22
449 5
449 14
449 23
450 10
450 7
450 8
450 18
450 20
450 20
450 20
450 20
450 20
450 20
450 20
450 20
450 20
450 20
450 20
450 20
450 20
450 20
450 20
450 20
450 20
450 20
450 20
450 20
450 20
450 20
450 20
450 20
450 20
450 20
450 20
450 20
450 20
450 20
450 20
450 20
450 20
450 4
450 20
451 10
451 7
451 8
451 1
451 6
451 15
451 13
451 16
451 20
451 22
451 22
451 17
451 22
451 23
451 23
451 21
451 23
451 11
451 2
451 3
451 9
451 23
452 10
452 7
452 5
452 18
453 10
453 7
453 8
453 1
453 6
453 15
453 13
453 16
453 20
453 12
453 15
453 13
453 16
453 22
453 22
453 22
453 17
453 22
453 3
453 11
453 2
453 9
453 23
454 10
454 7
454 5
454 18
455 10
455 7
455 8
455 18
455 5
455 20
456 10
456 7
456 8
456 1
456 6
456 15
456 13
456 16
456 20
456 22
456 17
456 22
456 2
456 3
456 9
456 11
456 23
457 10
457 7
457 5
457 18
458 10
458 7
458 8
458 20
458 20
458 20
458 20
458 20
458 20
458 20
458 20
458 20
458 20
458 4
458 20
459 10
459 7
459 5
460 10
460 7
460 5
460 18
461 10
461 7
461 5
462 10
462 7
462 5
462 18
463 10
463 7
463 8
463 20
463 20
463 20
463 20
463 20
463 20
463 20
463 20
463 20
463 20
463 20
463 20
463 4
463 20
464 10
464 7
464 5
465 10
465 7
465 8
465 20
465 1
465 6
465 15
465 13
465 16
465 20
465 22
465 4
465 12
465 22
466 10
466 7
466 5
467 10
467 7
467 8
467 1
467 6
467 15
467 13
467 16
467 20
467 22
467 17
467 22
467 23
467 23
467 21
467 21
467 21
467 21
467 21
467 21
467 21
467 21
467 21
467 21
467 11
467 2
467 3
467 9
467 23
468 10
468 7
468 5
468 18
469 10
469 7
469 8
469 20
469 20
469 1
469 6
469 15
469 13
469 16
469 20
469 17
469 22
469 2
469 3
469 9
469 11
469 23
470 10
470 7
470 18
470 5
470 18
471 10
471 7
471 5
471 18
472 10
472 7
472 8
472 20
472 1
472 6
472 15
472 13
472 16
472 20
472 17
472 22
472 5
472 14
472 23
473 10
473 7
473 5
474 10
474 7
474 5
474 18
475 10
475 7
475 8
475 20
475 20
475 20
475 20
475 20
475 20
475 20
475 20
475 20
475 20
475 20
475 20
475 20
475 20
475 20
475 4
475 20
476 10
476 7
476 8
476 18
476 20
476 20
476 20
476 20
476 20
476 20
476 5
476 20
477 10
477 7
477 18
477 8
477 18
477 20
477 20
477 20
477 20
477 1
477 6
477 15
477 13
477 16
477 20
477 22
477 22
477 22
477 12
477 15
477 13
477 16
477 22
477 17
477 22
477 3
477 11
477 2
477 9
477 23
478 10
478 7
478 8
478 20
478 1
478 6
478 15
478 13
478 16
478 20
478 22
478 22
478 17
478 22
478 23
478 23
478 21
478 21
478 2
478 3
478 9
478 11
478 23
479 10
479 7
479 8
479 20
479 1
479 15
479 6
479 13
479 16
479 20
479 22
479 22
479 22
479 17
479 22
479 23
479 11
479 2
479 3
479 9
479 23
480 10
480 7
480 8
480 18
480 5
480 20
481 10
481 7
481 8
481 18
481 20
481 5
481 20
482 10
482 7
482 8
482 1
482 6
482 15
482 13
482 16
482 20
482 22
482 17
482 22
482 23
482 23
482 21
482 21
482 21
482 21
482 21
482 21
482 21
482 21
482 21
482 21
482 2
482 3
482 9
482 11
482 23
483 10
483 7
483 8
483 20
483 20
483 20
483 20
483 20
483 20
483 20
483 20
483 1
483 6
483 15
483 13
483 16
483 20
483 22
483 22
483 22
483 22
483 22
483 22
483 22
483 4
483 12
483 22
484 10
484 7
484 8
484 20
484 20
484 20
484 20
484 5
484 20
485 10
485 7
485 5
485 18
486 10
486 7
486 8
486 20
486 1
486 15
486 6
486 13
486 16
486 20
486 17
486 22
486 23
486 21
486 21
486 21
486 3
486 11
486 2
486 9
486 23
487 10
487 7
487 8
487 1
487 20
487 4
487 20
488 10
488 7
488 5
489 10
489 7
489 5
489 18
490 10
490 7
490 5
490 18
491 10
491 7
491 8
491 20
491 20
491 20
491 20
491 1
491 6
491 15
491 13
491 16
491 20
491 22
491 22
491 22
491 22
491 22
491 22
491 22
491 22
491 22
491 22
491 12
491 15
491 13
491 16
491 22
491 22
491 22
491 22
491 22
491 22
491 22
491 22
491 22
491 4
491 12
492 10
492 7
492 8
492 20
492 20
492 20
492 20
492 20
492 20
492 20
492 20
492 20
492 20
492 20
492 1
492 6
492 15
492 13
492 16
492 20
492 22
492 22
492 22
492 22
492 22
492 22
492 22
492 22
492 22
492 4
492 12
492 22
493 10
493 7
493 8
493 1
493 6
493 15
493 13
493 16
493 20
493 22
493 22
493 22
493 22
493 22
493 22
493 22
493 4
493 12
493 22
494 10
494 7
494 5
495 10
495 7
495 5
495 18
496 10
496 7
496 8
496 18
496 1
496 6
496 15
496 13
496 16
496 20
496 17
496 22
496 23
496 21
496 21
496 21
496 21
496 21
496 3
496 11
496 2
496 9
496 23
497 10
497 7
497 8
497 20
497 1
497 6
497 15
497 13
497 16
497 20
497 22
497 4
497 12
497 22
498 10
498 7
498 8
498 20
498 1
498 6
498 15
498 13
498 16
498 20
498 22
498 22
498 22
498 22
498 22
498 22
498 22
498 17
498 22
498 23
498 21
498 21
498 21
498 21
498 21
498 4
498 12
498 21
499 10
499 7
499 5
499 18
500 10
500 7
500 8
500 18
500 20
500 20
500 20
500 20
500 20
500 20
500 4
500 20
